############## iteration 10 ################# 
current cost: 335
current schedule: [30, 23, 10, 9, 14, 13, 12, 4, 20, 22, 3, 29, 27, 28, 8, 7, 19, 21, 26, 18, 25, 17, 15, 6, 24, 16, 5, 11, 2, 1, 31] 
best cost: 335 
Tabu list: deque([(23, 29), (10, 29), (9, 29), (14, 29), (13, 29), (12, 29), (4, 29), (20, 29), (22, 29), (3, 29)], maxlen=20) 
############## iteration 15 ################# 
current cost: 333
current schedule: [30, 23, 10, 9, 14, 13, 12, 4, 20, 22, 3, 29, 28, 8, 7, 19, 21, 27, 26, 18, 25, 17, 15, 6, 24, 16, 5, 11, 2, 1, 31] 
best cost: 333 
Tabu list: deque([(23, 29), (10, 29), (9, 29), (14, 29), (13, 29), (12, 29), (4, 29), (20, 29), (22, 29), (3, 29), (27, 28), (8, 27), (7, 27), (19, 27), (21, 27)], maxlen=20) 
############## iteration 16 ################# 
current cost: 323
current schedule: [30, 23, 10, 9, 14, 13, 12, 4, 20, 22, 3, 29, 28, 8, 7, 19, 21, 27, 18, 26, 25, 17, 15, 6, 24, 16, 5, 11, 2, 1, 31] 
best cost: 323 
Tabu list: deque([(23, 29), (10, 29), (9, 29), (14, 29), (13, 29), (12, 29), (4, 29), (20, 29), (22, 29), (3, 29), (27, 28), (8, 27), (7, 27), (19, 27), (21, 27), (18, 26)], maxlen=20) 
############## iteration 19 ################# 
current cost: 305
current schedule: [30, 23, 10, 9, 14, 13, 12, 4, 20, 22, 3, 29, 28, 8, 7, 19, 21, 27, 18, 26, 17, 15, 6, 25, 24, 16, 5, 11, 2, 1, 31] 
best cost: 305 
Tabu list: deque([(23, 29), (10, 29), (9, 29), (14, 29), (13, 29), (12, 29), (4, 29), (20, 29), (22, 29), (3, 29), (27, 28), (8, 27), (7, 27), (19, 27), (21, 27), (18, 26), (17, 25), (15, 25), (6, 25)], maxlen=20) 
############## iteration 20 ################# 
current cost: 300
current schedule: [30, 23, 10, 9, 14, 13, 12, 4, 20, 22, 3, 29, 28, 8, 7, 19, 21, 27, 18, 26, 17, 15, 6, 25, 16, 24, 5, 11, 2, 1, 31] 
best cost: 300 
Tabu list: deque([(23, 29), (10, 29), (9, 29), (14, 29), (13, 29), (12, 29), (4, 29), (20, 29), (22, 29), (3, 29), (27, 28), (8, 27), (7, 27), (19, 27), (21, 27), (18, 26), (17, 25), (15, 25), (6, 25), (16, 24)], maxlen=20) 
############## iteration 38 ################# 
current cost: 290
current schedule: [30, 10, 9, 14, 13, 12, 4, 20, 23, 3, 29, 28, 8, 7, 19, 22, 21, 18, 27, 17, 15, 6, 26, 25, 16, 24, 11, 5, 2, 1, 31] 
best cost: 290 
Tabu list: deque([(6, 25), (16, 24), (5, 11), (10, 23), (9, 23), (14, 23), (13, 23), (12, 23), (4, 23), (20, 23), (3, 22), (22, 29), (22, 28), (8, 22), (7, 22), (19, 22), (18, 27), (17, 26), (15, 26), (6, 26)], maxlen=20) 
############## iteration 39 ################# 
current cost: 272
current schedule: [30, 10, 9, 14, 13, 12, 4, 20, 23, 3, 29, 28, 8, 7, 19, 22, 21, 18, 27, 17, 15, 6, 26, 16, 25, 24, 11, 5, 2, 1, 31] 
best cost: 272 
Tabu list: deque([(16, 24), (5, 11), (10, 23), (9, 23), (14, 23), (13, 23), (12, 23), (4, 23), (20, 23), (3, 22), (22, 29), (22, 28), (8, 22), (7, 22), (19, 22), (18, 27), (17, 26), (15, 26), (6, 26), (16, 25)], maxlen=20) 
############## iteration 47 ################# 
current cost: 267
current schedule: [30, 10, 14, 13, 12, 4, 20, 23, 3, 9, 29, 28, 8, 7, 19, 22, 21, 18, 27, 17, 15, 6, 26, 16, 25, 11, 24, 5, 2, 1, 31] 
best cost: 267 
Tabu list: deque([(20, 23), (3, 22), (22, 29), (22, 28), (8, 22), (7, 22), (19, 22), (18, 27), (17, 26), (15, 26), (6, 26), (16, 25), (11, 24), (9, 14), (9, 13), (9, 12), (4, 9), (9, 20), (9, 23), (3, 9)], maxlen=20) 
############## iteration 53 ################# 
current cost: 265
current schedule: [30, 10, 14, 13, 12, 4, 20, 23, 3, 29, 28, 9, 8, 19, 7, 22, 21, 18, 17, 15, 6, 27, 26, 16, 25, 11, 24, 5, 2, 1, 31] 
best cost: 265 
Tabu list: deque([(19, 22), (18, 27), (17, 26), (15, 26), (6, 26), (16, 25), (11, 24), (9, 14), (9, 13), (9, 12), (4, 9), (9, 20), (9, 23), (3, 9), (9, 29), (9, 28), (7, 19), (17, 27), (15, 27), (6, 27)], maxlen=20) 
############## iteration 54 ################# 
current cost: 255
current schedule: [30, 10, 14, 13, 12, 4, 20, 23, 3, 29, 28, 9, 8, 19, 7, 22, 21, 18, 17, 15, 6, 27, 16, 26, 25, 11, 24, 5, 2, 1, 31] 
best cost: 255 
Tabu list: deque([(18, 27), (17, 26), (15, 26), (6, 26), (16, 25), (11, 24), (9, 14), (9, 13), (9, 12), (4, 9), (9, 20), (9, 23), (3, 9), (9, 29), (9, 28), (7, 19), (17, 27), (15, 27), (6, 27), (16, 26)], maxlen=20) 
############## iteration 62 ################# 
current cost: 250
current schedule: [30, 14, 13, 12, 4, 20, 23, 3, 10, 29, 28, 9, 8, 19, 7, 22, 21, 18, 17, 15, 6, 27, 16, 26, 11, 25, 24, 5, 2, 1, 31] 
best cost: 250 
Tabu list: deque([(9, 12), (4, 9), (9, 20), (9, 23), (3, 9), (9, 29), (9, 28), (7, 19), (17, 27), (15, 27), (6, 27), (16, 26), (11, 25), (10, 14), (10, 13), (10, 12), (4, 10), (10, 20), (10, 23), (3, 10)], maxlen=20) 
############## iteration 67 ################# 
current cost: 244
current schedule: [30, 14, 13, 12, 4, 20, 23, 3, 29, 28, 10, 9, 19, 8, 22, 21, 7, 18, 17, 15, 6, 27, 16, 26, 11, 25, 24, 5, 2, 1, 31] 
best cost: 244 
Tabu list: deque([(9, 29), (9, 28), (7, 19), (17, 27), (15, 27), (6, 27), (16, 26), (11, 25), (10, 14), (10, 13), (10, 12), (4, 10), (10, 20), (10, 23), (3, 10), (10, 29), (10, 28), (8, 19), (7, 22), (7, 21)], maxlen=20) 
############## iteration 68 ################# 
current cost: 238
current schedule: [30, 14, 13, 12, 4, 20, 23, 3, 29, 28, 10, 9, 19, 8, 22, 21, 18, 7, 17, 15, 6, 27, 16, 26, 11, 25, 24, 5, 2, 1, 31] 
best cost: 238 
Tabu list: deque([(9, 28), (7, 19), (17, 27), (15, 27), (6, 27), (16, 26), (11, 25), (10, 14), (10, 13), (10, 12), (4, 10), (10, 20), (10, 23), (3, 10), (10, 29), (10, 28), (8, 19), (7, 22), (7, 21), (7, 18)], maxlen=20) 
############## iteration 71 ################# 
current cost: 236
current schedule: [30, 14, 13, 12, 4, 20, 23, 3, 29, 28, 10, 9, 19, 8, 22, 21, 18, 17, 15, 7, 6, 16, 27, 26, 11, 25, 24, 5, 2, 1, 31] 
best cost: 236 
Tabu list: deque([(15, 27), (6, 27), (16, 26), (11, 25), (10, 14), (10, 13), (10, 12), (4, 10), (10, 20), (10, 23), (3, 10), (10, 29), (10, 28), (8, 19), (7, 22), (7, 21), (7, 18), (7, 17), (7, 15), (16, 27)], maxlen=20) 
############## iteration 76 ################# 
current cost: 234
current schedule: [30, 14, 13, 4, 20, 23, 3, 12, 29, 28, 10, 9, 19, 8, 22, 21, 18, 17, 15, 7, 6, 16, 27, 11, 26, 25, 24, 5, 2, 1, 31] 
best cost: 234 
Tabu list: deque([(10, 13), (10, 12), (4, 10), (10, 20), (10, 23), (3, 10), (10, 29), (10, 28), (8, 19), (7, 22), (7, 21), (7, 18), (7, 17), (7, 15), (16, 27), (11, 26), (4, 12), (12, 20), (12, 23), (3, 12)], maxlen=20) 
############## iteration 89 ################# 
current cost: 232
current schedule: [30, 14, 13, 4, 20, 23, 3, 29, 28, 10, 9, 19, 8, 22, 21, 18, 17, 15, 7, 6, 12, 16, 27, 11, 26, 25, 24, 5, 2, 1, 31] 
best cost: 232 
Tabu list: deque([(7, 15), (16, 27), (11, 26), (4, 12), (12, 20), (12, 23), (3, 12), (12, 29), (12, 28), (10, 12), (9, 12), (12, 19), (8, 12), (12, 22), (12, 21), (12, 18), (12, 17), (12, 15), (7, 12), (6, 12)], maxlen=20) 
############## iteration 90 ################# 
current cost: 230
current schedule: [30, 14, 13, 4, 20, 23, 3, 29, 28, 10, 9, 19, 8, 22, 21, 18, 17, 15, 7, 6, 16, 12, 27, 11, 26, 25, 24, 5, 2, 1, 31] 
best cost: 230 
Tabu list: deque([(16, 27), (11, 26), (4, 12), (12, 20), (12, 23), (3, 12), (12, 29), (12, 28), (10, 12), (9, 12), (12, 19), (8, 12), (12, 22), (12, 21), (12, 18), (12, 17), (12, 15), (7, 12), (6, 12), (12, 16)], maxlen=20) 
############## iteration 95 ################# 
current cost: 229
current schedule: [30, 14, 13, 4, 20, 23, 3, 29, 28, 10, 9, 19, 8, 22, 21, 18, 17, 15, 7, 6, 16, 27, 11, 26, 25, 24, 12, 5, 2, 1, 31] 
best cost: 229 
Tabu list: deque([(3, 12), (12, 29), (12, 28), (10, 12), (9, 12), (12, 19), (8, 12), (12, 22), (12, 21), (12, 18), (12, 17), (12, 15), (7, 12), (6, 12), (12, 16), (12, 27), (11, 12), (12, 26), (12, 25), (12, 24)], maxlen=20) 
############## iteration 99 ################# 
current cost: 226
current schedule: [30, 14, 4, 20, 23, 3, 13, 29, 28, 10, 9, 19, 8, 22, 21, 18, 17, 15, 7, 6, 16, 27, 11, 26, 25, 24, 12, 5, 2, 1, 31] 
best cost: 226 
Tabu list: deque([(9, 12), (12, 19), (8, 12), (12, 22), (12, 21), (12, 18), (12, 17), (12, 15), (7, 12), (6, 12), (12, 16), (12, 27), (11, 12), (12, 26), (12, 25), (12, 24), (4, 13), (13, 20), (13, 23), (3, 13)], maxlen=20) 
############## iteration 112 ################# 
current cost: 223
current schedule: [30, 14, 4, 20, 23, 3, 29, 28, 10, 9, 19, 8, 22, 21, 18, 17, 15, 7, 6, 13, 16, 27, 11, 26, 25, 24, 12, 5, 2, 1, 31] 
best cost: 223 
Tabu list: deque([(12, 26), (12, 25), (12, 24), (4, 13), (13, 20), (13, 23), (3, 13), (13, 29), (13, 28), (10, 13), (9, 13), (13, 19), (8, 13), (13, 22), (13, 21), (13, 18), (13, 17), (13, 15), (7, 13), (6, 13)], maxlen=20) 
############## iteration 113 ################# 
current cost: 220
current schedule: [30, 14, 4, 20, 23, 3, 29, 28, 10, 9, 19, 8, 22, 21, 18, 17, 15, 7, 6, 16, 13, 27, 11, 26, 25, 24, 12, 5, 2, 1, 31] 
best cost: 220 
Tabu list: deque([(12, 25), (12, 24), (4, 13), (13, 20), (13, 23), (3, 13), (13, 29), (13, 28), (10, 13), (9, 13), (13, 19), (8, 13), (13, 22), (13, 21), (13, 18), (13, 17), (13, 15), (7, 13), (6, 13), (13, 16)], maxlen=20) 
############## iteration 122 ################# 
current cost: 217
current schedule: [30, 4, 20, 23, 3, 14, 29, 28, 10, 9, 19, 8, 22, 21, 18, 17, 15, 7, 6, 16, 27, 11, 26, 25, 24, 13, 12, 5, 2, 1, 31] 
best cost: 217 
Tabu list: deque([(9, 13), (13, 19), (8, 13), (13, 22), (13, 21), (13, 18), (13, 17), (13, 15), (7, 13), (6, 13), (13, 16), (13, 27), (11, 13), (13, 26), (13, 25), (13, 24), (4, 14), (14, 20), (14, 23), (3, 14)], maxlen=20) 
############## iteration 344 ################# 
current cost: 212
current schedule: [30, 23, 20, 19, 14, 4, 29, 22, 21, 3, 18, 10, 13, 12, 9, 8, 7, 28, 6, 17, 16, 27, 26, 25, 24, 5, 15, 2, 11, 1, 31] 
best cost: 212 
Tabu list: deque([(15, 27), (15, 26), (15, 25), (15, 24), (5, 15), (2, 11), (20, 22), (19, 22), (14, 22), (4, 22), (22, 29), (3, 18), (10, 17), (13, 17), (12, 17), (9, 17), (8, 17), (7, 17), (17, 28), (6, 17)], maxlen=20) 
############## iteration 346 ################# 
current cost: 209
current schedule: [30, 23, 20, 19, 14, 4, 29, 22, 21, 3, 18, 10, 13, 12, 9, 8, 7, 28, 6, 17, 27, 16, 26, 25, 24, 5, 2, 15, 11, 1, 31] 
best cost: 209 
Tabu list: deque([(15, 25), (15, 24), (5, 15), (2, 11), (20, 22), (19, 22), (14, 22), (4, 22), (22, 29), (3, 18), (10, 17), (13, 17), (12, 17), (9, 17), (8, 17), (7, 17), (17, 28), (6, 17), (16, 27), (2, 15)], maxlen=20) 
############## iteration 352 ################# 
current cost: 207
current schedule: [30, 20, 19, 14, 4, 29, 23, 22, 3, 21, 18, 10, 13, 12, 9, 8, 7, 28, 6, 17, 27, 16, 26, 25, 24, 5, 2, 15, 11, 1, 31] 
best cost: 207 
Tabu list: deque([(14, 22), (4, 22), (22, 29), (3, 18), (10, 17), (13, 17), (12, 17), (9, 17), (8, 17), (7, 17), (17, 28), (6, 17), (16, 27), (2, 15), (20, 23), (19, 23), (14, 23), (4, 23), (23, 29), (3, 21)], maxlen=20) 
############## iteration 365 ################# 
current cost: 206
current schedule: [30, 20, 14, 4, 29, 19, 23, 3, 22, 21, 10, 13, 12, 9, 8, 7, 28, 6, 18, 27, 17, 16, 26, 25, 24, 5, 2, 15, 11, 1, 31] 
best cost: 206 
Tabu list: deque([(2, 15), (20, 23), (19, 23), (14, 23), (4, 23), (23, 29), (3, 21), (10, 18), (13, 18), (12, 18), (9, 18), (8, 18), (7, 18), (18, 28), (6, 18), (17, 27), (14, 19), (4, 19), (19, 29), (3, 22)], maxlen=20) 
############## iteration 436 ################# 
current cost: 203
current schedule: [30, 4, 23, 3, 29, 22, 10, 14, 13, 9, 8, 7, 28, 6, 21, 27, 20, 19, 18, 17, 16, 26, 25, 15, 11, 24, 12, 5, 2, 1, 31] 
best cost: 203 
Tabu list: deque([(9, 12), (8, 12), (7, 12), (12, 28), (6, 12), (12, 21), (12, 27), (12, 20), (12, 19), (12, 18), (12, 17), (12, 16), (12, 26), (12, 25), (12, 15), (11, 12), (12, 24), (4, 29), (23, 29), (3, 29)], maxlen=20) 
############## iteration 445 ################# 
current cost: 202
current schedule: [30, 4, 23, 3, 22, 10, 14, 13, 9, 8, 7, 29, 6, 21, 28, 27, 20, 19, 18, 17, 16, 26, 25, 15, 11, 24, 12, 5, 2, 1, 31] 
best cost: 202 
Tabu list: deque([(12, 18), (12, 17), (12, 16), (12, 26), (12, 25), (12, 15), (11, 12), (12, 24), (4, 29), (23, 29), (3, 29), (22, 29), (10, 29), (14, 29), (13, 29), (9, 29), (8, 29), (7, 29), (6, 28), (21, 28)], maxlen=20) 
############## iteration 449 ################# 
current cost: 199
current schedule: [30, 4, 23, 3, 22, 10, 14, 13, 9, 8, 7, 29, 6, 21, 27, 20, 19, 18, 28, 17, 16, 26, 25, 15, 11, 24, 12, 5, 2, 1, 31] 
best cost: 199 
Tabu list: deque([(12, 25), (12, 15), (11, 12), (12, 24), (4, 29), (23, 29), (3, 29), (22, 29), (10, 29), (14, 29), (13, 29), (9, 29), (8, 29), (7, 29), (6, 28), (21, 28), (27, 28), (20, 28), (19, 28), (18, 28)], maxlen=20) 
############## iteration 451 ################# 
current cost: 196
current schedule: [30, 4, 23, 3, 22, 10, 14, 13, 9, 8, 7, 29, 6, 21, 27, 20, 19, 18, 17, 16, 28, 26, 25, 15, 11, 24, 12, 5, 2, 1, 31] 
best cost: 196 
Tabu list: deque([(11, 12), (12, 24), (4, 29), (23, 29), (3, 29), (22, 29), (10, 29), (14, 29), (13, 29), (9, 29), (8, 29), (7, 29), (6, 28), (21, 28), (27, 28), (20, 28), (19, 28), (18, 28), (17, 28), (16, 28)], maxlen=20) 
