############## Running Tabu List with K = 1000 ################# 
---------- iteration 10 ----------
current cost: 335
current schedule: [30, 23, 10, 9, 14, 13, 12, 4, 20, 22, 3, 29, 27, 28, 8, 7, 19, 21, 26, 18, 25, 17, 15, 6, 24, 16, 5, 11, 2, 1, 31] 
best cost: 335 
Tabu list: [(23, 29), (10, 29), (9, 29), (14, 29), (13, 29), (12, 29), (4, 29), (20, 29), (22, 29), (3, 29)] 
---------- iteration 15 ----------
current cost: 333
current schedule: [30, 23, 10, 9, 14, 13, 12, 4, 20, 22, 3, 29, 28, 8, 7, 19, 21, 27, 26, 18, 25, 17, 15, 6, 24, 16, 5, 11, 2, 1, 31] 
best cost: 333 
Tabu list: [(23, 29), (10, 29), (9, 29), (14, 29), (13, 29), (12, 29), (4, 29), (20, 29), (22, 29), (3, 29), (27, 28), (8, 27), (7, 27), (19, 27), (21, 27)] 
---------- iteration 16 ----------
current cost: 323
current schedule: [30, 23, 10, 9, 14, 13, 12, 4, 20, 22, 3, 29, 28, 8, 7, 19, 21, 27, 18, 26, 25, 17, 15, 6, 24, 16, 5, 11, 2, 1, 31] 
best cost: 323 
Tabu list: [(23, 29), (10, 29), (9, 29), (14, 29), (13, 29), (12, 29), (4, 29), (20, 29), (22, 29), (3, 29), (27, 28), (8, 27), (7, 27), (19, 27), (21, 27), (18, 26)] 
---------- iteration 19 ----------
current cost: 305
current schedule: [30, 23, 10, 9, 14, 13, 12, 4, 20, 22, 3, 29, 28, 8, 7, 19, 21, 27, 18, 26, 17, 15, 6, 25, 24, 16, 5, 11, 2, 1, 31] 
best cost: 305 
Tabu list: [(23, 29), (10, 29), (9, 29), (14, 29), (13, 29), (12, 29), (4, 29), (20, 29), (22, 29), (3, 29), (27, 28), (8, 27), (7, 27), (19, 27), (21, 27), (18, 26), (17, 25), (15, 25), (6, 25)] 
---------- iteration 20 ----------
current cost: 300
current schedule: [30, 23, 10, 9, 14, 13, 12, 4, 20, 22, 3, 29, 28, 8, 7, 19, 21, 27, 18, 26, 17, 15, 6, 25, 16, 24, 5, 11, 2, 1, 31] 
best cost: 300 
Tabu list: [(10, 29), (9, 29), (14, 29), (13, 29), (12, 29), (4, 29), (20, 29), (22, 29), (3, 29), (27, 28), (8, 27), (7, 27), (19, 27), (21, 27), (18, 26), (17, 25), (15, 25), (6, 25), (16, 24)] 
---------- iteration 38 ----------
current cost: 294
current schedule: [30, 10, 9, 14, 13, 12, 4, 20, 23, 3, 29, 28, 8, 7, 19, 22, 27, 21, 18, 17, 15, 6, 26, 25, 16, 24, 11, 5, 2, 1, 31] 
best cost: 294 
Tabu list: [(16, 24), (5, 11), (10, 23), (9, 23), (14, 23), (13, 23), (12, 23), (4, 23), (20, 23), (3, 22), (22, 29), (22, 28), (8, 22), (7, 22), (19, 22), (21, 27), (17, 26), (15, 26), (6, 26)] 
---------- iteration 39 ----------
current cost: 276
current schedule: [30, 10, 9, 14, 13, 12, 4, 20, 23, 3, 29, 28, 8, 7, 19, 22, 27, 21, 18, 17, 15, 6, 26, 16, 25, 24, 11, 5, 2, 1, 31] 
best cost: 276 
Tabu list: [(5, 11), (10, 23), (9, 23), (14, 23), (13, 23), (12, 23), (4, 23), (20, 23), (3, 22), (22, 29), (22, 28), (8, 22), (7, 22), (19, 22), (21, 27), (17, 26), (15, 26), (6, 26), (16, 25)] 
---------- iteration 47 ----------
current cost: 271
current schedule: [30, 10, 14, 13, 12, 4, 20, 23, 3, 9, 29, 28, 8, 7, 19, 22, 27, 21, 18, 17, 15, 6, 26, 16, 25, 11, 24, 5, 2, 1, 31] 
best cost: 271 
Tabu list: [(3, 22), (22, 29), (22, 28), (8, 22), (7, 22), (19, 22), (21, 27), (17, 26), (15, 26), (6, 26), (16, 25), (11, 24), (9, 14), (9, 13), (9, 12), (4, 9), (9, 20), (9, 23), (3, 9)] 
---------- iteration 52 ----------
current cost: 266
current schedule: [30, 10, 14, 13, 12, 4, 20, 23, 3, 29, 28, 9, 8, 19, 7, 27, 22, 21, 18, 17, 6, 15, 26, 16, 25, 11, 24, 5, 2, 1, 31] 
best cost: 266 
Tabu list: [(19, 22), (21, 27), (17, 26), (15, 26), (6, 26), (16, 25), (11, 24), (9, 14), (9, 13), (9, 12), (4, 9), (9, 20), (9, 23), (3, 9), (9, 29), (9, 28), (7, 19), (22, 27), (6, 15)] 
---------- iteration 53 ----------
current cost: 256
current schedule: [30, 10, 14, 13, 12, 4, 20, 23, 3, 29, 28, 9, 8, 19, 7, 27, 22, 21, 18, 17, 6, 15, 16, 26, 25, 11, 24, 5, 2, 1, 31] 
best cost: 256 
Tabu list: [(21, 27), (17, 26), (15, 26), (6, 26), (16, 25), (11, 24), (9, 14), (9, 13), (9, 12), (4, 9), (9, 20), (9, 23), (3, 9), (9, 29), (9, 28), (7, 19), (22, 27), (6, 15), (16, 26)] 
---------- iteration 61 ----------
current cost: 251
current schedule: [30, 14, 13, 12, 4, 20, 23, 3, 10, 29, 28, 9, 8, 19, 7, 27, 22, 21, 18, 17, 6, 15, 16, 26, 11, 25, 24, 5, 2, 1, 31] 
best cost: 251 
Tabu list: [(9, 12), (4, 9), (9, 20), (9, 23), (3, 9), (9, 29), (9, 28), (7, 19), (22, 27), (6, 15), (16, 26), (11, 25), (10, 14), (10, 13), (10, 12), (4, 10), (10, 20), (10, 23), (3, 10)] 
---------- iteration 67 ----------
current cost: 243
current schedule: [30, 14, 13, 12, 4, 20, 23, 3, 29, 28, 10, 9, 19, 8, 27, 22, 21, 7, 18, 17, 6, 15, 16, 26, 11, 25, 24, 5, 2, 1, 31] 
best cost: 243 
Tabu list: [(9, 28), (7, 19), (22, 27), (6, 15), (16, 26), (11, 25), (10, 14), (10, 13), (10, 12), (4, 10), (10, 20), (10, 23), (3, 10), (10, 29), (10, 28), (8, 19), (7, 27), (7, 22), (7, 21)] 
---------- iteration 68 ----------
current cost: 235
current schedule: [30, 14, 13, 12, 4, 20, 23, 3, 29, 28, 10, 9, 19, 8, 27, 22, 21, 18, 7, 17, 6, 15, 16, 26, 11, 25, 24, 5, 2, 1, 31] 
best cost: 235 
Tabu list: [(7, 19), (22, 27), (6, 15), (16, 26), (11, 25), (10, 14), (10, 13), (10, 12), (4, 10), (10, 20), (10, 23), (3, 10), (10, 29), (10, 28), (8, 19), (7, 27), (7, 22), (7, 21), (7, 18)] 
---------- iteration 70 ----------
current cost: 230
current schedule: [30, 14, 13, 12, 4, 20, 23, 3, 29, 28, 10, 9, 19, 8, 27, 22, 21, 18, 17, 7, 6, 16, 15, 26, 11, 25, 24, 5, 2, 1, 31] 
best cost: 230 
Tabu list: [(6, 15), (16, 26), (11, 25), (10, 14), (10, 13), (10, 12), (4, 10), (10, 20), (10, 23), (3, 10), (10, 29), (10, 28), (8, 19), (7, 27), (7, 22), (7, 21), (7, 18), (7, 17), (15, 16)] 
---------- iteration 75 ----------
current cost: 228
current schedule: [30, 14, 13, 4, 20, 23, 3, 12, 29, 28, 10, 9, 19, 8, 27, 22, 21, 18, 17, 7, 6, 16, 26, 15, 11, 25, 24, 5, 2, 1, 31] 
best cost: 228 
Tabu list: [(10, 12), (4, 10), (10, 20), (10, 23), (3, 10), (10, 29), (10, 28), (8, 19), (7, 27), (7, 22), (7, 21), (7, 18), (7, 17), (15, 16), (15, 26), (4, 12), (12, 20), (12, 23), (3, 12)] 
---------- iteration 88 ----------
current cost: 226
current schedule: [30, 14, 13, 4, 20, 23, 3, 29, 28, 10, 9, 19, 8, 27, 22, 21, 18, 17, 7, 6, 12, 16, 26, 15, 11, 25, 24, 5, 2, 1, 31] 
best cost: 226 
Tabu list: [(15, 16), (15, 26), (4, 12), (12, 20), (12, 23), (3, 12), (12, 29), (12, 28), (10, 12), (9, 12), (12, 19), (8, 12), (12, 27), (12, 22), (12, 21), (12, 18), (12, 17), (7, 12), (6, 12)] 
---------- iteration 89 ----------
current cost: 224
current schedule: [30, 14, 13, 4, 20, 23, 3, 29, 28, 10, 9, 19, 8, 27, 22, 21, 18, 17, 7, 6, 16, 12, 26, 15, 11, 25, 24, 5, 2, 1, 31] 
best cost: 224 
Tabu list: [(15, 26), (4, 12), (12, 20), (12, 23), (3, 12), (12, 29), (12, 28), (10, 12), (9, 12), (12, 19), (8, 12), (12, 27), (12, 22), (12, 21), (12, 18), (12, 17), (7, 12), (6, 12), (12, 16)] 
---------- iteration 94 ----------
current cost: 223
current schedule: [30, 14, 13, 4, 20, 23, 3, 29, 28, 10, 9, 19, 8, 27, 22, 21, 18, 17, 7, 6, 16, 26, 15, 11, 25, 24, 12, 5, 2, 1, 31] 
best cost: 223 
Tabu list: [(12, 29), (12, 28), (10, 12), (9, 12), (12, 19), (8, 12), (12, 27), (12, 22), (12, 21), (12, 18), (12, 17), (7, 12), (6, 12), (12, 16), (12, 26), (12, 15), (11, 12), (12, 25), (12, 24)] 
---------- iteration 98 ----------
current cost: 220
current schedule: [30, 14, 4, 20, 23, 3, 13, 29, 28, 10, 9, 19, 8, 27, 22, 21, 18, 17, 7, 6, 16, 26, 15, 11, 25, 24, 12, 5, 2, 1, 31] 
best cost: 220 
Tabu list: [(12, 19), (8, 12), (12, 27), (12, 22), (12, 21), (12, 18), (12, 17), (7, 12), (6, 12), (12, 16), (12, 26), (12, 15), (11, 12), (12, 25), (12, 24), (4, 13), (13, 20), (13, 23), (3, 13)] 
---------- iteration 111 ----------
current cost: 217
current schedule: [30, 14, 4, 20, 23, 3, 29, 28, 10, 9, 19, 8, 27, 22, 21, 18, 17, 7, 6, 13, 16, 26, 15, 11, 25, 24, 12, 5, 2, 1, 31] 
best cost: 217 
Tabu list: [(12, 25), (12, 24), (4, 13), (13, 20), (13, 23), (3, 13), (13, 29), (13, 28), (10, 13), (9, 13), (13, 19), (8, 13), (13, 27), (13, 22), (13, 21), (13, 18), (13, 17), (7, 13), (6, 13)] 
---------- iteration 112 ----------
current cost: 214
current schedule: [30, 14, 4, 20, 23, 3, 29, 28, 10, 9, 19, 8, 27, 22, 21, 18, 17, 7, 6, 16, 13, 26, 15, 11, 25, 24, 12, 5, 2, 1, 31] 
best cost: 214 
Tabu list: [(12, 24), (4, 13), (13, 20), (13, 23), (3, 13), (13, 29), (13, 28), (10, 13), (9, 13), (13, 19), (8, 13), (13, 27), (13, 22), (13, 21), (13, 18), (13, 17), (7, 13), (6, 13), (13, 16)] 
---------- iteration 121 ----------
current cost: 211
current schedule: [30, 4, 20, 23, 3, 14, 29, 28, 10, 9, 19, 8, 27, 22, 21, 18, 17, 7, 6, 16, 26, 15, 11, 25, 24, 13, 12, 5, 2, 1, 31] 
best cost: 211 
Tabu list: [(13, 19), (8, 13), (13, 27), (13, 22), (13, 21), (13, 18), (13, 17), (7, 13), (6, 13), (13, 16), (13, 26), (13, 15), (11, 13), (13, 25), (13, 24), (4, 14), (14, 20), (14, 23), (3, 14)] 
---------- iteration 352 ----------
current cost: 207
current schedule: [30, 23, 22, 14, 20, 4, 3, 19, 21, 18, 17, 10, 13, 12, 9, 8, 7, 29, 6, 16, 27, 28, 26, 25, 24, 15, 5, 2, 11, 1, 31] 
best cost: 207 
Tabu list: [(4, 21), (3, 21), (19, 21), (10, 15), (13, 15), (12, 15), (9, 15), (8, 15), (7, 15), (15, 29), (6, 15), (15, 16), (15, 27), (15, 28), (15, 26), (15, 25), (15, 24), (5, 11), (2, 11)] 
---------- iteration 356 ----------
current cost: 204
current schedule: [30, 23, 14, 20, 4, 3, 22, 19, 21, 18, 17, 10, 13, 12, 9, 8, 7, 29, 6, 16, 27, 28, 26, 25, 24, 15, 5, 2, 11, 1, 31] 
best cost: 204 
Tabu list: [(13, 15), (12, 15), (9, 15), (8, 15), (7, 15), (15, 29), (6, 15), (15, 16), (15, 27), (15, 28), (15, 26), (15, 25), (15, 24), (5, 11), (2, 11), (14, 22), (20, 22), (4, 22), (3, 22)] 
---------- iteration 365 ----------
current cost: 198
current schedule: [30, 23, 14, 20, 4, 3, 19, 22, 21, 18, 10, 13, 12, 9, 8, 7, 29, 6, 17, 16, 27, 28, 26, 25, 24, 15, 5, 2, 11, 1, 31] 
best cost: 198 
Tabu list: [(15, 28), (15, 26), (15, 25), (15, 24), (5, 11), (2, 11), (14, 22), (20, 22), (4, 22), (3, 22), (19, 22), (10, 17), (13, 17), (12, 17), (9, 17), (8, 17), (7, 17), (17, 29), (6, 17)] 
---------- iteration 369 ----------
current cost: 193
current schedule: [30, 23, 14, 20, 4, 3, 19, 22, 21, 18, 10, 13, 12, 9, 8, 7, 29, 6, 17, 27, 28, 16, 26, 25, 24, 5, 2, 15, 11, 1, 31] 
best cost: 193 
Tabu list: [(5, 11), (2, 11), (14, 22), (20, 22), (4, 22), (3, 22), (19, 22), (10, 17), (13, 17), (12, 17), (9, 17), (8, 17), (7, 17), (17, 29), (6, 17), (16, 27), (16, 28), (5, 15), (2, 15)] 
---------- iteration 373 ----------
current cost: 185
current schedule: [30, 14, 20, 4, 3, 23, 19, 22, 21, 18, 10, 13, 12, 9, 8, 7, 29, 6, 17, 27, 28, 16, 26, 25, 24, 5, 2, 15, 11, 1, 31] 
best cost: 185 
Tabu list: [(4, 22), (3, 22), (19, 22), (10, 17), (13, 17), (12, 17), (9, 17), (8, 17), (7, 17), (17, 29), (6, 17), (16, 27), (16, 28), (5, 15), (2, 15), (14, 23), (20, 23), (4, 23), (3, 23)] 
---------- iteration 382 ----------
current cost: 184
current schedule: [30, 14, 20, 4, 3, 19, 23, 22, 21, 10, 13, 12, 9, 8, 7, 29, 6, 18, 17, 27, 28, 16, 26, 25, 24, 5, 2, 15, 11, 1, 31] 
best cost: 184 
Tabu list: [(17, 29), (6, 17), (16, 27), (16, 28), (5, 15), (2, 15), (14, 23), (20, 23), (4, 23), (3, 23), (19, 23), (10, 18), (13, 18), (12, 18), (9, 18), (8, 18), (7, 18), (18, 29), (6, 18)] 
---------- iteration 569 ----------
current cost: 182
current schedule: [30, 14, 4, 3, 29, 10, 9, 27, 28, 23, 20, 19, 8, 7, 6, 22, 21, 18, 13, 17, 16, 12, 26, 25, 24, 5, 2, 15, 11, 1, 31] 
best cost: 182 
Tabu list: [(2, 15), (4, 13), (3, 13), (13, 29), (10, 13), (9, 13), (13, 27), (13, 28), (13, 23), (13, 20), (13, 19), (8, 13), (7, 13), (6, 13), (13, 22), (13, 21), (13, 18), (12, 17), (12, 16)] 
---------- iteration 766 ----------
current cost: 178
current schedule: [30, 4, 3, 10, 9, 23, 22, 21, 20, 19, 8, 14, 7, 6, 13, 18, 17, 12, 15, 16, 29, 28, 27, 26, 25, 24, 5, 2, 11, 1, 31] 
best cost: 178 
Tabu list: [(9, 20), (20, 23), (20, 22), (20, 21), (8, 18), (14, 18), (7, 18), (6, 18), (13, 18), (12, 15), (11, 16), (11, 29), (11, 28), (11, 27), (11, 26), (11, 25), (11, 24), (5, 11), (2, 11)] 
---------- iteration 775 ----------
current cost: 173
current schedule: [30, 4, 10, 9, 3, 23, 22, 21, 20, 8, 14, 7, 6, 13, 19, 18, 12, 17, 16, 15, 29, 28, 27, 26, 25, 24, 5, 2, 11, 1, 31] 
best cost: 173 
Tabu list: [(12, 15), (11, 16), (11, 29), (11, 28), (11, 27), (11, 26), (11, 25), (11, 24), (5, 11), (2, 11), (3, 10), (3, 9), (8, 19), (14, 19), (7, 19), (6, 19), (13, 19), (12, 17), (15, 16)] 
---------- iteration 782 ----------
current cost: 168
current schedule: [30, 4, 10, 9, 3, 23, 22, 21, 20, 8, 14, 7, 6, 13, 19, 18, 12, 17, 16, 29, 28, 27, 26, 25, 24, 5, 15, 2, 11, 1, 31] 
best cost: 168 
Tabu list: [(11, 24), (5, 11), (2, 11), (3, 10), (3, 9), (8, 19), (14, 19), (7, 19), (6, 19), (13, 19), (12, 17), (15, 16), (15, 29), (15, 28), (15, 27), (15, 26), (15, 25), (15, 24), (5, 15)] 
---------- iteration 783 ----------
current cost: 163
current schedule: [30, 4, 10, 9, 3, 23, 22, 21, 20, 8, 14, 7, 6, 13, 19, 18, 12, 17, 16, 29, 28, 27, 26, 25, 24, 5, 2, 15, 11, 1, 31] 
best cost: 163 
Tabu list: [(5, 11), (2, 11), (3, 10), (3, 9), (8, 19), (14, 19), (7, 19), (6, 19), (13, 19), (12, 17), (15, 16), (15, 29), (15, 28), (15, 27), (15, 26), (15, 25), (15, 24), (5, 15), (2, 15)] 
############## Final Results ################# 
Best solution with K=1000: [30, 4, 10, 9, 3, 23, 22, 21, 20, 8, 14, 7, 6, 13, 19, 18, 12, 17, 16, 29, 28, 27, 26, 25, 24, 5, 2, 15, 11, 1, 31] 
Total tardiness with K=1000: 163
