############## Running Tabu List with K = 10 ################# 
---------- iteration 1 ----------
current cost: 341
current schedule: [30, 23, 29, 10, 9, 14, 13, 12, 4, 20, 22, 3, 27, 28, 8, 7, 19, 21, 26, 18, 25, 17, 15, 6, 24, 16, 5, 11, 2, 1, 31] 
best cost: 341 
Tabu list: [(23, 29)] 
---------- iteration 2 ----------
current cost: 341
current schedule: [30, 23, 10, 29, 9, 14, 13, 12, 4, 20, 22, 3, 27, 28, 8, 7, 19, 21, 26, 18, 25, 17, 15, 6, 24, 16, 5, 11, 2, 1, 31] 
best cost: 341 
Tabu list: [(23, 29), (10, 29)] 
---------- iteration 3 ----------
current cost: 341
current schedule: [30, 23, 10, 9, 29, 14, 13, 12, 4, 20, 22, 3, 27, 28, 8, 7, 19, 21, 26, 18, 25, 17, 15, 6, 24, 16, 5, 11, 2, 1, 31] 
best cost: 341 
Tabu list: [(23, 29), (10, 29), (9, 29)] 
---------- iteration 4 ----------
current cost: 341
current schedule: [30, 23, 10, 9, 14, 29, 13, 12, 4, 20, 22, 3, 27, 28, 8, 7, 19, 21, 26, 18, 25, 17, 15, 6, 24, 16, 5, 11, 2, 1, 31] 
best cost: 341 
Tabu list: [(23, 29), (10, 29), (9, 29), (14, 29)] 
---------- iteration 5 ----------
current cost: 341
current schedule: [30, 23, 10, 9, 14, 13, 29, 12, 4, 20, 22, 3, 27, 28, 8, 7, 19, 21, 26, 18, 25, 17, 15, 6, 24, 16, 5, 11, 2, 1, 31] 
best cost: 341 
Tabu list: [(23, 29), (10, 29), (9, 29), (14, 29), (13, 29)] 
---------- iteration 6 ----------
current cost: 341
current schedule: [30, 23, 10, 9, 14, 13, 12, 29, 4, 20, 22, 3, 27, 28, 8, 7, 19, 21, 26, 18, 25, 17, 15, 6, 24, 16, 5, 11, 2, 1, 31] 
best cost: 341 
Tabu list: [(23, 29), (10, 29), (9, 29), (14, 29), (13, 29), (12, 29)] 
---------- iteration 7 ----------
current cost: 341
current schedule: [30, 23, 10, 9, 14, 13, 12, 4, 29, 20, 22, 3, 27, 28, 8, 7, 19, 21, 26, 18, 25, 17, 15, 6, 24, 16, 5, 11, 2, 1, 31] 
best cost: 341 
Tabu list: [(23, 29), (10, 29), (9, 29), (14, 29), (13, 29), (12, 29), (4, 29)] 
---------- iteration 8 ----------
current cost: 341
current schedule: [30, 23, 10, 9, 14, 13, 12, 4, 20, 29, 22, 3, 27, 28, 8, 7, 19, 21, 26, 18, 25, 17, 15, 6, 24, 16, 5, 11, 2, 1, 31] 
best cost: 341 
Tabu list: [(23, 29), (10, 29), (9, 29), (14, 29), (13, 29), (12, 29), (4, 29), (20, 29)] 
---------- iteration 9 ----------
current cost: 341
current schedule: [30, 23, 10, 9, 14, 13, 12, 4, 20, 22, 29, 3, 27, 28, 8, 7, 19, 21, 26, 18, 25, 17, 15, 6, 24, 16, 5, 11, 2, 1, 31] 
best cost: 341 
Tabu list: [(23, 29), (10, 29), (9, 29), (14, 29), (13, 29), (12, 29), (4, 29), (20, 29), (22, 29)] 
---------- iteration 10 ----------
current cost: 335
current schedule: [30, 23, 10, 9, 14, 13, 12, 4, 20, 22, 3, 29, 27, 28, 8, 7, 19, 21, 26, 18, 25, 17, 15, 6, 24, 16, 5, 11, 2, 1, 31] 
best cost: 335 
Tabu list: [(23, 29), (10, 29), (9, 29), (14, 29), (13, 29), (12, 29), (4, 29), (20, 29), (22, 29), (3, 29)] 
############## Final Results ################# 
Best solution with K=10: [30, 23, 10, 9, 14, 13, 12, 4, 20, 22, 3, 29, 27, 28, 8, 7, 19, 21, 26, 18, 25, 17, 15, 6, 24, 16, 5, 11, 2, 1, 31] 
Total tardiness with K=10: 335
